9.46073e+13 0 0 9.4607e+15 9.4607e+13 0
1.89215e+14 0 0 9.4607e+15 9.4607e+13 0
2.83822e+14 0 0 9.4607e+15 9.4607e+13 0
3.78429e+14 0 0 9.4607e+15 9.4607e+13 0
4.73037e+14 0 0 9.4607e+15 9.4607e+13 0
5.67644e+14 0 0 9.4607e+15 9.4607e+13 0
6.62251e+14 0 0 9.4607e+15 9.4607e+13 0
7.56858e+14 0 0 9.4607e+15 9.4607e+13 0
8.51466e+14 0 0 9.4607e+15 9.4607e+13 0
9.46073e+14 0 0 9.4607e+15 9.4607e+13 0
1.04068e+15 0 0 9.4607e+15 9.4607e+13 0
1.13529e+15 0 0 9.4607e+15 9.4607e+13 0
1.22989e+15 0 0 9.4607e+15 9.4607e+13 0
1.3245e+15 0 0 9.4607e+15 9.4607e+13 0
1.41911e+15 0 0 9.4607e+15 9.4607e+13 0
1.51372e+15 0 0 9.4607e+15 9.4607e+13 0
1.60832e+15 0 0 9.4607e+15 9.4607e+13 0
1.70293e+15 0 0 9.4607e+15 9.4607e+13 0
1.79754e+15 0 0 9.4607e+15 9.4607e+13 0
1.89215e+15 0 0 9.4607e+15 9.4607e+13 0
1.98675e+15 0 0 9.4607e+15 9.4607e+13 0
2.08136e+15 0 0 9.4607e+15 9.4607e+13 0
2.17597e+15 0 0 9.4607e+15 9.4607e+13 0
2.27058e+15 0 0 9.4607e+15 9.4607e+13 0
2.36518e+15 0 0 9.4607e+15 9.4607e+13 0
2.45979e+15 0 0 9.4607e+15 9.4607e+13 0
2.5544e+15 0 0 9.4607e+15 9.4607e+13 0
2.649e+15 0 0 9.4607e+15 9.4607e+13 0
2.74361e+15 0 0 9.4607e+15 9.4607e+13 0
2.83822e+15 0 0 9.4607e+15 9.4607e+13 0
2.93283e+15 0 0 9.4607e+15 9.4607e+13 0
3.02743e+15 0 0 9.4607e+15 9.4607e+13 0
3.12204e+15 0 0 9.4607e+15 9.4607e+13 0
3.21665e+15 0 0 9.4607e+15 9.4607e+13 0
3.31126e+15 0 0 9.4607e+15 9.4607e+13 0
3.40586e+15 0 0 9.4607e+15 9.4607e+13 0
3.50047e+15 0 0 9.4607e+15 9.4607e+13 0
3.59508e+15 0 0 9.4607e+15 9.4607e+13 0
3.68968e+15 0 0 9.4607e+15 9.4607e+13 0
3.78429e+15 0 0 9.4607e+15 9.4607e+13 0
3.8789e+15 0 0 9.4607e+15 9.4607e+13 0
3.97351e+15 0 0 9.4607e+15 9.4607e+13 0
4.06811e+15 0 0 9.4607e+15 9.4607e+13 0
4.16272e+15 0 0 9.4607e+15 9.4607e+13 0
4.25733e+15 0 0 9.4607e+15 9.4607e+13 0
4.35194e+15 0 0 9.4607e+15 9.4607e+13 0
4.44654e+15 0 0 9.4607e+15 9.4607e+13 0
4.54115e+15 0 0 9.4607e+15 9.4607e+13 0
4.63576e+15 0 0 9.4607e+15 9.4607e+13 0
4.73037e+15 0 0 9.4607e+15 9.4607e+13 0
4.82497e+15 0 0 9.4607e+15 9.4607e+13 0
4.91958e+15 0 0 9.4607e+15 9.4607e+13 0
5.01419e+15 0 0 9.4607e+15 9.4607e+13 0
5.10879e+15 0 0 9.4607e+15 9.4607e+13 0
5.2034e+15 0 0 9.4607e+15 9.4607e+13 0
5.29801e+15 0 0 9.4607e+15 9.4607e+13 0
5.39262e+15 0 0 9.4607e+15 9.4607e+13 0
5.48722e+15 0 0 9.4607e+15 9.4607e+13 0
5.58183e+15 0 0 9.4607e+15 9.4607e+13 0
5.67644e+15 0 0 9.4607e+15 9.4607e+13 0
5.77105e+15 0 0 9.4607e+15 9.4607e+13 0
5.86565e+15 0 0 9.4607e+15 9.4607e+13 0
5.96026e+15 0 0 9.4607e+15 9.4607e+13 0
6.05487e+15 0 0 9.4607e+15 9.4607e+13 0
6.14947e+15 0 0 9.4607e+15 9.4607e+13 0
6.24408e+15 0 0 9.4607e+15 9.4607e+13 0
6.33869e+15 0 0 9.4607e+15 9.4607e+13 0
6.4333e+15 0 0 9.4607e+15 9.4607e+13 0
6.5279e+15 0 0 9.4607e+15 9.4607e+13 0
6.62251e+15 0 0 9.4607e+15 9.4607e+13 0
6.71712e+15 0 0 9.4607e+15 9.4607e+13 0
6.81173e+15 0 0 9.4607e+15 9.4607e+13 0
6.90633e+15 0 0 9.4607e+15 9.4607e+13 0
7.00094e+15 0 0 9.4607e+15 9.4607e+13 0
7.09555e+15 0 0 9.4607e+15 9.4607e+13 0
7.19016e+15 0 0 9.4607e+15 9.4607e+13 0
7.28476e+15 0 0 9.4607e+15 9.4607e+13 0
7.37937e+15 0 0 9.4607e+15 9.4607e+13 0
7.47398e+15 0 0 9.4607e+15 9.4607e+13 0
7.56858e+15 0 0 9.4607e+15 9.4607e+13 0
7.66319e+15 0 0 9.4607e+15 9.4607e+13 0
7.7578e+15 0 0 9.4607e+15 9.4607e+13 0
7.85241e+15 0 0 9.4607e+15 9.4607e+13 0
7.94701e+15 0 0 9.4607e+15 9.4607e+13 0
8.04162e+15 0 0 9.4607e+15 9.4607e+13 0
8.13623e+15 0 0 9.4607e+15 9.4607e+13 0
8.23084e+15 0 0 9.4607e+15 9.4607e+13 0
8.32544e+15 0 0 9.4607e+15 9.4607e+13 0
8.42005e+15 0 0 9.4607e+15 9.4607e+13 0
8.51466e+15 0 0 9.4607e+15 9.4607e+13 0
8.60926e+15 0 0 9.4607e+15 9.4607e+13 0
8.70387e+15 0 0 9.4607e+15 9.4607e+13 0
8.79848e+15 0 0 9.4607e+15 9.4607e+13 0
8.89309e+15 0 0 9.4607e+15 9.4607e+13 0
8.98769e+15 0 0 9.4607e+15 9.4607e+13 0
9.0823e+15 0 0 9.4607e+15 9.4607e+13 0
9.17691e+15 0 0 9.4607e+15 9.4607e+13 0
9.27152e+15 0 0 9.4607e+15 9.4607e+13 0
9.36612e+15 0 0 9.4607e+15 9.4607e+13 0
9.46073e+15 0 0 9.4607e+15 9.4607e+13 0
9.55534e+15 0 0 9.4607e+15 9.4607e+13 0
9.64995e+15 0 0 9.4607e+15 9.4607e+13 0
9.74455e+15 0 0 9.4607e+15 9.4607e+13 0
9.83916e+15 0 0 9.4607e+15 9.4607e+13 0
9.93377e+15 0 0 9.4607e+15 9.4607e+13 0
1.00284e+16 0 0 9.4607e+15 9.4607e+13 0
1.0123e+16 0 0 9.4607e+15 9.4607e+13 0
1.02176e+16 0 0 9.4607e+15 9.4607e+13 0
1.03122e+16 0 0 9.4607e+15 9.4607e+13 0
1.04068e+16 0 0 9.4607e+15 9.4607e+13 0
1.05014e+16 0 0 9.4607e+15 9.4607e+13 0
1.0596e+16 0 0 9.4607e+15 9.4607e+13 0
1.06906e+16 0 0 9.4607e+15 9.4607e+13 0
1.07852e+16 0 0 9.4607e+15 9.4607e+13 0
1.08798e+16 0 0 9.4607e+15 9.4607e+13 0
1.09744e+16 0 0 9.4607e+15 9.4607e+13 0
1.10691e+16 0 0 9.4607e+15 9.4607e+13 0
1.11637e+16 0 0 9.4607e+15 9.4607e+13 0
1.12583e+16 0 0 9.4607e+15 9.4607e+13 0
1.13529e+16 0 0 9.4607e+15 9.4607e+13 0
1.14475e+16 0 0 9.4607e+15 9.4607e+13 0
1.15421e+16 0 0 9.4607e+15 9.4607e+13 0
1.16367e+16 0 0 9.4607e+15 9.4607e+13 0
1.17313e+16 0 0 9.4607e+15 9.4607e+13 0
1.18259e+16 0 0 9.4607e+15 9.4607e+13 0
1.19205e+16 0 0 9.4607e+15 9.4607e+13 0
1.20151e+16 0 0 9.4607e+15 9.4607e+13 0
1.21097e+16 0 0 9.4607e+15 9.4607e+13 0
1.22043e+16 0 0 9.4607e+15 9.4607e+13 0
1.22989e+16 0 0 9.4607e+15 9.4607e+13 0
1.23936e+16 0 0 9.4607e+15 9.4607e+13 0
1.24882e+16 0 0 9.4607e+15 9.4607e+13 0
1.25828e+16 0 0 9.4607e+15 9.4607e+13 0
1.26774e+16 0 0 9.4607e+15 9.4607e+13 0
1.2772e+16 0 0 9.4607e+15 9.4607e+13 0
1.28666e+16 0 0 9.4607e+15 9.4607e+13 0
1.29612e+16 0 0 9.4607e+15 9.4607e+13 0
1.30558e+16 0 0 9.4607e+15 9.4607e+13 0
1.31504e+16 0 0 9.4607e+15 9.4607e+13 0
1.3245e+16 0 0 9.4607e+15 9.4607e+13 0
1.33396e+16 0 0 9.4607e+15 9.4607e+13 0
1.34342e+16 0 0 9.4607e+15 9.4607e+13 0
1.35288e+16 0 0 9.4607e+15 9.4607e+13 0
1.36235e+16 0 0 9.4607e+15 9.4607e+13 0
1.37181e+16 0 0 9.4607e+15 9.4607e+13 0
1.38127e+16 0 0 9.4607e+15 9.4607e+13 0
1.39073e+16 0 0 9.4607e+15 9.4607e+13 0
1.40019e+16 0 0 9.4607e+15 9.4607e+13 0
1.40965e+16 0 0 9.4607e+15 9.4607e+13 0
1.41911e+16 0 0 9.4607e+15 9.4607e+13 0
1.42857e+16 0 0 9.4607e+15 9.4607e+13 0
1.43803e+16 0 0 9.4607e+15 9.4607e+13 0
1.44749e+16 0 0 9.4607e+15 9.4607e+13 0
1.45695e+16 0 0 9.4607e+15 9.4607e+13 0
1.46641e+16 0 0 9.4607e+15 9.4607e+13 0
1.47587e+16 0 0 9.4607e+15 9.4607e+13 0
1.48533e+16 0 0 9.4607e+15 9.4607e+13 0
1.4948e+16 0 0 9.4607e+15 9.4607e+13 0
1.50426e+16 0 0 9.4607e+15 9.4607e+13 0
1.51372e+16 0 0 9.4607e+15 9.4607e+13 0
1.52318e+16 0 0 9.4607e+15 9.4607e+13 0
1.53264e+16 0 0 9.4607e+15 9.4607e+13 0
1.5421e+16 0 0 9.4607e+15 9.4607e+13 0
1.55156e+16 0 0 9.4607e+15 9.4607e+13 0
1.56102e+16 0 0 9.4607e+15 9.4607e+13 0
1.57048e+16 0 0 9.4607e+15 9.4607e+13 0
1.57994e+16 0 0 9.4607e+15 9.4607e+13 0
1.5894e+16 0 0 9.4607e+15 9.4607e+13 0
1.59886e+16 0 0 9.4607e+15 9.4607e+13 0
1.60832e+16 0 0 9.4607e+15 9.4607e+13 0
1.61778e+16 0 0 9.4607e+15 9.4607e+13 0
1.62725e+16 0 0 9.4607e+15 9.4607e+13 0
1.63671e+16 0 0 9.4607e+15 9.4607e+13 0
1.64617e+16 0 0 9.4607e+15 9.4607e+13 0
1.65563e+16 0 0 9.4607e+15 9.4607e+13 0
1.66509e+16 0 0 9.4607e+15 9.4607e+13 0
1.67455e+16 0 0 9.4607e+15 9.4607e+13 0
1.68401e+16 0 0 9.4607e+15 9.4607e+13 0
1.69347e+16 0 0 9.4607e+15 9.4607e+13 0
1.70293e+16 0 0 9.4607e+15 9.4607e+13 0
1.71239e+16 0 0 9.4607e+15 9.4607e+13 0
1.72185e+16 0 0 9.4607e+15 9.4607e+13 0
1.73131e+16 0 0 9.4607e+15 9.4607e+13 0
1.74077e+16 0 0 9.4607e+15 9.4607e+13 0
1.75024e+16 0 0 9.4607e+15 9.4607e+13 0
1.7597e+16 0 0 9.4607e+15 9.4607e+13 0
1.76916e+16 0 0 9.4607e+15 9.4607e+13 0
1.77862e+16 0 0 9.4607e+15 9.4607e+13 0
1.78808e+16 0 0 9.4607e+15 9.4607e+13 0
1.79754e+16 0 0 9.4607e+15 9.4607e+13 0
1.807e+16 0 0 9.4607e+15 9.4607e+13 0
1.81646e+16 0 0 9.4607e+15 9.4607e+13 0
1.82592e+16 0 0 9.4607e+15 9.4607e+13 0
1.83538e+16 0 0 9.4607e+15 9.4607e+13 0
1.84484e+16 0 0 9.4607e+15 9.4607e+13 0
1.8543e+16 0 0 9.4607e+15 9.4607e+13 0
1.86376e+16 0 0 9.4607e+15 9.4607e+13 0
1.87322e+16 0 0 9.4607e+15 9.4607e+13 0
1.88269e+16 0 0 9.4607e+15 9.4607e+13 0
1.89215e+16 0 0 9.4607e+15 9.4607e+13 0
